&type1=A306&inclinaisonSdt1=25&inclinaisonMax1=30&cassure1=310&perfos1=

0 250 143 239 1418 504
10 253 145 240 1405 1511
20 256 147 244 1040 2097
30 259 201 247 1635 2115
40 263 254 250 2179 2133
50 266 257 253 2152 2153
60 270 261 257 2085 2174
70 274 265 261 2021 2196
80 278 269 265 1957 2218
90 282 273 269 1992 2242
100 286 297 276 1057 1984
110 371 315 288 1899 2438
120 377 320 292 1828 2463
130 382 325 297 1765 2488
140 388 330 301 1706 2513
150 394 335 306 1649 2540
160 400 340 311 1596 2567
170 406 345 316 1629 2594
180 412 345 321 1840 2623
190 418 344 326 1801 2649
200 425 342 331 1767 2675
210 432 341 337 1730 2702
220 438 340 342 1693 2730
230 439 338 348 1656 2757
240 439 337 353 1620 2785
250 439 335 360 1583 2813
260 439 334 365 1547 2839
270 439 333 371 1511 2868
280 440 331 378 1472 2896
290 443 330 384 1434 2922
300 446 328 390 1395 2946
310 449 327 397 1356 2972
320 453 325 403 1316 2997
330 452 324 410 1275 3023
340 451 323 417 1232 3048
350 450 321 424 1188 3072
360 448 321 431 977 3096
370 447 321 438 0 3115

&type2=A320&inclinaisonSdt2=25&inclinaisonMax2=30&cassure2=310&perfos2=
0 250 146 249 1483 540
10 253 148 250 1576 1241
20 256 150 254 1258 1520
30 259 206 257 682 1534
40 263 264 261 2395 1547
50 266 268 264 2668 1561
60 270 272 268 2614 1577
70 274 276 272 2556 1592
80 278 280 276 2499 1607
90 282 284 280 2541 1526
100 343 316 312 1194 862
110 348 350 345 2148 2228
120 353 356 350 2453 2247
130 359 361 355 2381 2265
140 364 366 361 2305 2283
150 370 372 367 2230 2304
160 375 377 372 2158 2323
170 381 383 378 2075 2341
180 387 390 384 1995 2361
190 393 396 390 1918 2382
200 399 402 395 1836 2402
210 405 408 401 1752 2423
220 412 415 408 1666 2447
230 418 421 415 1581 2473
240 425 428 422 1493 2500
250 432 435 428 1397 2530
260 439 442 435 1293 2564
270 446 449 442 1179 2604
280 453 456 449 1056 2652
290 460 460 457 1284 3156
300 460 458 460 1292 3812
310 458 456 458 1223 3712
320 456 454 456 1150 3622
330 454 452 454 1073 3541
340 452 450 452 988 3461
350 450 448 450 901 3389
360 448 447 448 750 3328
370 447 447 447 662 3025
380 447 447 447 570 2995
390 447 447 447 477 2972
400 447 447 447 434 2956

&type3=C177&inclinaisonSdt3=25&inclinaisonMax3=30&cassure3=310&perfos3=
0 141 83 140 1079 500
10 142 84 140 1104 500
20 144 85 142 1038 500
30 145 102 144 881 500
40 146 105 146 930 500
50 148 107 148 865 500
60 149 109 150 800 500
70 151 111 152 735 500
80 153 112 155 673 500
90 154 114 157 645 500
100 156 116 160 578 500
110 157 119 162 512 500
120 159 121 165 445 500
130 161 123 168 370 500
140 163 125 171 0 500

&type4=B735&inclinaisonSdt4=25&inclinaisonMax4=30&cassure4=310&perfos4=
0 250 154 249 1797 429
10 253 156 250 2896 1139
20 256 158 254 2340 1397
30 259 208 257 1237 1409
40 263 264 261 2473 1421
50 266 268 264 3913 1434
60 270 271 268 3899 1448
70 274 275 272 3806 1461
80 278 279 276 3715 1476
90 282 284 280 3726 1425
100 343 305 311 2685 770
110 348 345 345 1891 2081
120 353 355 351 3635 2098
130 359 361 356 3648 2115
140 364 366 361 3519 2132
150 370 372 367 3394 2149
160 375 378 372 3271 2167
170 381 383 378 3153 2184
180 387 389 384 3037 2200
190 393 396 389 2901 2217
200 399 402 396 2770 2235
210 405 408 402 2643 2254
220 412 415 408 2510 2271
230 418 421 415 2382 2289
240 425 428 421 2251 2307
250 432 435 428 2114 2325
260 439 442 435 1985 2345
270 446 449 442 1844 2364
280 453 456 449 1702 2387
290 460 460 457 2025 2697
300 468 458 460 2059 3364
310 470 456 458 1898 3269
320 468 454 456 1728 3184
330 465 452 454 1564 3107
340 463 450 452 1397 3030
350 461 448 450 1226 2962
360 459 447 448 972 2893
370 459 447 447 805 2623
380 459 447 447 644 2588
390 459 447 447 481 2561
400 459 447 447 287 2540
410 459 449 447 0 2526

&type5=B772&inclinaisonSdt5=25&inclinaisonMax5=30&cassure5=310&perfos5=
0 250 154 249 1683 1120
10 253 156 250 2259 1120
20 256 158 254 1836 1286
30 259 207 257 917 1297
40 263 264 261 2411 1308
50 266 268 264 3211 1320
60 270 272 268 3135 1332
70 274 276 272 3067 1344
80 278 279 276 3001 1358
90 282 283 280 3015 1362
100 286 313 310 1616 708
110 342 361 345 1537 1946
120 347 373 350 3039 1961
130 353 379 355 2935 1976
140 358 384 361 2843 1992
150 363 390 366 2743 2008
160 369 396 372 2647 2024
170 375 402 378 2554 2040
180 381 409 384 2449 2057
190 387 415 389 2346 2073
200 393 422 395 2248 2089
210 399 429 402 2147 2106
220 405 435 409 2047 2125
230 412 442 415 1946 2143
240 418 449 422 1840 2162
250 425 456 428 1731 2180
260 432 463 435 1618 2201
270 439 470 442 1499 2225
280 446 478 449 1368 2254
290 453 485 456 1225 2287
300 499 487 464 1660 2327
310 498 485 471 1577 2379
320 497 483 479 1489 2616
330 496 481 483 1400 3576
340 495 479 481 1310 3473
350 494 476 479 1217 3369
360 493 476 476 1025 3208
370 492 476 476 935 2899
380 491 476 476 847 2843
390 489 476 476 758 2795
400 487 476 476 666 2748
410 486 476 476 570 2709
420 484 476 476 459 2676
430 482 476 476 0 2650

&type6=AT43&inclinaisonSdt6=28&inclinaisonMax6=40&cassure6=310&perfos6=
0 177 112 200 1470 528
10 179 113 200 1762 1317
20 181 115 203 1736 1500
30 184 152 206 986 1500
40 186 169 209 1420 1500
50 189 171 211 1391 1500
60 191 174 214 1362 1500
70 194 177 218 1330 1500
80 197 179 221 1302 1500
90 202 182 224 1327 1500
100 207 185 227 1294 1500
110 211 188 231 1261 1500
120 216 191 235 1228 1500
130 218 194 238 1192 1500
140 220 198 242 1158 1500
150 222 201 246 1122 1500
160 224 205 250 1086 1500
170 225 208 254 1050 1500
180 226 212 258 1012 1500
190 228 216 263 974 1500
200 231 220 267 937 1500
210 234 223 272 898 1500
220 236 227 277 860 1500
230 237 232 281 822 1500
240 238 236 286 762 1500
250 241 238 291 511 1500

&type7=F2TH&inclinaisonSdt7=26&inclinaisonMax7=30&cassure7=310&perfos7=
0 250 126 249 1690 1454
10 253 127 250 2313 1454
20 256 129 254 1933 2228
30 259 191 257 1034 2244
40 263 264 261 2087 2261
50 266 268 264 3312 2278
60 270 272 268 3253 2296
70 274 275 272 3198 2316
80 278 280 275 3136 2336
90 282 284 280 3189 2358
100 320 296 287 2820 2157
110 325 304 299 3037 2631
120 330 309 304 2968 2654
130 335 314 309 2898 2680
140 340 318 313 2827 2704
150 345 323 318 2750 2730
160 351 328 323 2667 2755
170 356 334 328 2589 2781
180 362 338 334 2513 2808
190 367 344 339 2423 2832
200 373 350 344 2335 2859
210 379 355 350 2247 2887
220 385 361 356 2154 2912
230 391 367 361 2063 2936
240 398 373 367 1967 2962
250 404 380 373 1868 2988
260 411 386 379 1770 3014
270 417 392 385 1670 3040
280 424 398 392 1561 3067
290 431 405 399 1451 3094
300 438 412 405 1340 3123
310 445 418 412 1291 3133
320 453 419 418 1551 3980
330 454 417 419 1485 4130
340 452 415 417 1416 3963
350 450 413 415 1340 3829
360 448 412 413 1178 3703
370 447 413 413 1091 3334
380 447 413 413 1004 3226
390 447 413 413 908 3138
400 447 413 413 809 3060
410 447 413 413 702 2982
420 447 413 413 589 2912
430 447 413 413 472 2845
440 447 413 413 342 2786
450 447 413 413 0 2739

&type8=P28A&inclinaisonSdt8=30&inclinaisonMax8=40&cassure8=310&perfos8=
0 140 119 154 490 750
10 143 120 157 665 792
20 147 122 161 840 825
30 150 124 165 879 856
40 153 125 168 826 883
50 154 126 170 775 902
60 156 128 172 728 913
70 157 129 173 676 923
80 159 130 174 628 933
90 160 132 176 578 944
100 162 133 178 527 954
110 164 134 180 478 965
120 167 135 184 420 975

&type9=DH8D&inclinaisonSdt9=30&inclinaisonMax9=40&cassure9=310&perfos9=
0 250 143 245 1764 1383
10 253 145 245 2875 1383
20 256 146 249 2821 1800
30 259 141 252 3184 1800
40 263 139 256 2619 1800
50 266 145 259 2540 1800
60 270 150 263 2539 1800
70 274 154 266 2494 1800
80 278 157 270 2435 1800
90 282 250 274 1972 1800
100 286 254 282 1906 1800
110 304 258 300 1841 1800
120 312 262 304 1778 1800
130 321 266 309 1713 1800
140 329 270 313 1647 1800
150 338 274 318 1580 1800
160 342 279 323 1511 1800
170 347 283 328 1446 1800
180 351 288 333 1381 1800
190 356 293 339 1315 1800
200 360 297 344 1250 1800
210 363 302 350 1183 1800
220 365 303 356 1358 1800
230 367 302 361 1345 1800
240 370 301 368 1330 1800
250 372 299 373 1312 1800
260 371 298 371 1291 1800
270 370 297 370 1268 1800
280 368 296 368 1241 1800
290 366 294 367 1210 1800
300 364 294 365 1196 1800

&type10=B462&inclinaisonSdt10=26&inclinaisonMax10=23&cassure10=310&perfos10=
0 250 136 249 1383 602
10 253 138 250 1385 1265
20 256 140 254 1073 1474
30 259 196 257 609 1486
40 263 264 260 2378 1498
50 266 268 264 2636 1511
60 270 272 268 2573 1524
70 274 275 272 2505 1538
80 278 280 276 2432 1553
90 282 284 280 2440 1570
100 337 288 304 2368 895
110 342 293 334 2296 2128
120 347 297 339 2226 2146
130 353 302 344 2151 2163
140 358 306 349 2079 2179
150 363 311 354 2003 2197
160 369 316 360 1930 2216
170 375 321 365 1853 2234
180 381 326 371 1774 2251
190 387 331 377 1697 2269
200 393 337 383 1619 2288
210 398 342 389 1539 2305
220 396 348 396 1459 2323
230 395 353 402 1379 2340
240 393 359 408 1358 2356
250 391 359 415 1523 2426
260 390 358 420 1428 3150
270 388 356 418 1329 3058
280 386 355 416 1228 2965
290 385 353 414 1129 2872
300 383 352 413 889 2788
310 381 352 411 0 2719

&type11=B744&inclinaisonSdt11=26&inclinaisonMax11=23&cassure11=310&perfos11=
0 250 162 249 1575 550
10 253 164 250 1839 1154
20 256 166 254 1481 1325
30 259 217 257 772 1335
40 263 264 261 2395 1346
50 266 268 264 2450 1357
60 270 272 268 2405 1369
70 274 276 272 2355 1382
80 278 280 276 2306 1394
90 282 284 280 2343 1396
100 343 316 310 1062 772
110 348 350 345 1942 2113
120 353 356 350 2269 2128
130 359 361 355 2199 2145
140 364 367 361 2130 2161
150 370 372 366 2062 2178
160 375 378 372 1990 2195
170 381 383 378 1920 2213
180 387 389 384 1851 2229
190 393 395 390 1776 2245
200 399 402 396 1697 2262
210 405 408 402 1620 2279
220 412 415 409 1542 2296
230 418 421 415 1462 2313
240 425 428 422 1380 2331
250 432 435 428 1294 2349
260 439 442 435 1208 2367
270 446 449 442 1121 2389
280 453 456 449 1028 2412
290 460 463 456 929 2438
300 468 469 464 1029 2616
310 470 467 470 1115 3529
320 468 465 467 1033 3395
330 465 463 465 947 3272
340 463 461 463 859 3160
350 461 459 461 766 3048
360 459 458 459 614 2916
370 459 459 459 524 2616
380 459 459 459 431 2550
390 459 459 459 387 2491

&type12=A332&inclinaisonSdt12=26&inclinaisonMax12=23&cassure12=310&perfos12=
0 250 162 249 1575 550
10 253 164 250 1839 1154
20 256 166 254 1481 1325
30 259 217 257 772 1335
40 263 264 261 2395 1346
50 266 268 264 2450 1357
60 270 272 268 2405 1369
70 274 276 272 2355 1382
80 278 280 276 2306 1394
90 282 284 280 2343 1396
100 343 316 310 1062 772
110 348 350 345 1942 2113
120 353 356 350 2269 2128
130 359 361 355 2199 2145
140 364 367 361 2130 2161
150 370 372 366 2062 2178
160 375 378 372 1990 2195
170 381 383 378 1920 2213
180 387 389 384 1851 2229
190 393 395 390 1776 2245
200 399 402 396 1697 2262
210 405 408 402 1620 2279
220 412 415 409 1542 2296
230 418 421 415 1462 2313
240 425 428 422 1380 2331
250 432 435 428 1294 2349
260 439 442 435 1208 2367
270 446 449 442 1121 2389
280 453 456 449 1028 2412
290 460 463 456 929 2438
300 468 469 464 1029 2616
310 470 467 470 1115 3529
320 468 465 467 1033 3395
330 465 463 465 947 3272
340 463 461 463 859 3160
350 461 459 461 766 3048
360 459 458 459 614 2916
370 459 459 459 524 2616
380 459 459 459 431 2550
390 459 459 459 387 2491

&type13=B763&inclinaisonSdt13=26&inclinaisonMax13=23&cassure13=310&perfos13=
0 250 158 249 1635 627
10 253 161 250 2200 1248
20 256 163 254 1736 1391
30 259 214 257 874 1402
40 263 264 261 2507 1414
50 266 268 264 3024 1426
60 270 271 268 2992 1439
70 274 275 272 2957 1452
80 278 280 276 2917 1466
90 282 284 280 2983 1483
100 377 313 304 1641 820
110 383 339 334 2579 1984
120 388 344 339 3027 2002
130 394 349 344 2969 2019
140 400 354 349 2910 2035
150 406 360 354 2843 2052
160 412 366 360 2776 2070
170 418 371 365 2706 2087
180 425 377 371 2635 2105
190 431 382 377 2564 2123
200 438 388 383 2485 2142
210 445 395 389 2398 2161
220 452 401 395 2310 2181
230 459 408 402 2221 2202
240 466 415 408 2124 2225
250 473 421 414 2026 2248
260 480 427 421 1919 2275
270 478 435 428 1796 2306
280 476 442 435 1663 2343
290 474 449 442 1528 2390
300 472 456 449 1476 2446
310 470 456 456 1779 3069
320 468 454 456 1650 3446
330 465 452 454 1509 3343
340 463 450 452 1361 3251
350 461 448 450 1204 3168
360 459 447 448 956 3079
370 459 447 447 805 2781
380 459 447 447 649 2733
390 459 447 447 481 2692
400 459 449 447 230 2657
410 459 457 447 26 2629
420 459 0 447 0 2605
430 459 457 447 13 2589

&type14=FA50&inclinaisonSdt14=26&inclinaisonMax14=23&cassure14=310&perfos14=
0 250 126 249 1690 1454
10 253 127 250 2313 1454
20 256 129 254 1933 2228
30 259 191 257 1034 2244
40 263 264 261 2087 2261
50 266 268 264 3312 2278
60 270 272 268 3253 2296
70 274 275 272 3198 2316
80 278 280 275 3136 2336
90 282 284 280 3189 2358
100 320 296 287 2820 2157
110 325 304 299 3037 2631
120 330 309 304 2968 2654
130 335 314 309 2898 2680
140 340 318 313 2827 2704
150 345 323 318 2750 2730
160 351 328 323 2667 2755
170 356 334 328 2589 2781
180 362 338 334 2513 2808
190 367 344 339 2423 2832
200 373 350 344 2335 2859
210 379 355 350 2247 2887
220 385 361 356 2154 2912
230 391 367 361 2063 2936
240 398 373 367 1967 2962
250 404 380 373 1868 2988
260 411 386 379 1770 3014
270 417 392 385 1670 3040
280 424 398 392 1561 3067
290 431 405 399 1451 3094
300 438 412 405 1340 3123
310 445 418 412 1291 3133
320 453 419 418 1551 3980
330 454 417 419 1485 4130
340 452 415 417 1416 3963
350 450 413 415 1340 3829
360 448 412 413 1178 3703
370 447 413 413 1091 3334
380 447 413 413 1004 3226
390 447 413 413 908 3138
400 447 413 413 809 3060
410 447 413 413 702 2982
420 447 413 413 589 2912
430 447 413 413 472 2845
440 447 413 413 342 2786
450 447 413 413 0 2739

&type15=A3ST&inclinaisonSdt15=22&inclinaisonMax15=23&cassure15=310&perfos15=
0 250 160 249 1694 1339
10 253 163 250 2306 1339
20 256 165 254 1866 1755
30 259 211 257 948 1770
40 263 264 261 2378 1786
50 266 268 264 3165 1802
60 270 272 268 3122 1819
70 274 276 272 3081 1836
80 278 279 276 3038 1853
90 282 283 280 3086 1867
100 320 307 304 1867 1113
110 325 327 334 2592 2455
120 330 332 338 3048 2476
130 335 337 343 2965 2497
140 340 343 349 2879 2518
150 345 348 354 2798 2540
160 351 353 360 2709 2562
170 356 359 365 2617 2584
180 362 364 371 2524 2606
190 367 370 377 2414 2627
200 373 376 382 2303 2648
210 379 382 389 2192 2671
220 385 388 395 2073 2692
230 391 394 401 1948 2712
240 398 400 408 1817 2721
250 404 406 414 1807 3394
260 408 406 414 2054 3543
270 406 404 412 1875 3458
280 404 402 410 1693 3372
290 402 401 408 1503 3295
300 401 399 407 1311 3225
310 399 397 405 1106 3157
320 397 395 403 889 3097
330 396 394 401 669 3050
340 394 392 400 430 3010
350 392 392 398 0 2971

&type16=F100&inclinaisonSdt16=22&inclinaisonMax16=23&cassure16=310&perfos16=
0 250 144 249 1499 566
10 253 146 250 1642 1426
20 256 148 254 1368 1774
30 259 202 257 678 1787
40 263 264 261 1827 1802
50 266 268 264 2267 1816
60 270 272 268 2231 1832
70 274 275 272 2194 1848
80 278 280 276 2153 1866
90 282 284 280 2197 1884
100 320 310 297 1232 1262
110 325 327 322 2035 2418
120 330 332 327 1983 2440
130 335 337 332 1926 2460
140 340 342 337 1865 2481
150 345 348 342 1800 2503
160 351 353 348 1735 2525
170 356 358 353 1671 2547
180 362 364 359 1600 2570
190 367 370 365 1525 2591
200 373 376 370 1451 2614
210 379 382 376 1374 2638
220 385 388 382 1292 2661
230 391 394 388 1207 2685
240 398 400 394 1122 2713
250 404 407 401 1029 2741
260 411 414 407 929 2771
270 417 416 414 1132 3194
280 416 414 416 1093 3676
290 414 412 414 1032 3548
300 413 411 412 967 3431
310 411 409 411 895 3337
320 409 407 409 817 3241
330 407 405 407 732 3144
340 405 403 405 641 3058
350 404 402 403 545 2981
360 402 401 402 405 2888
370 401 401 401 0 2674

&type17=A319&inclinaisonSdt17=22&inclinaisonMax17=23&cassure17=310&perfos17=
0 250 135 249 1631 529
10 253 137 250 2210 1440
20 256 139 254 1802 1817
30 259 192 257 897 1829
40 263 262 260 1867 1842
50 266 268 264 3150 1856
60 270 272 268 3126 1871
70 274 276 272 3102 1887
80 278 280 276 3075 1520
90 282 284 319 3183 1053
100 389 308 375 1889 3342
110 394 368 391 1021 4153
120 400 403 396 2226 4176
130 406 409 403 2519 4203
140 412 415 409 2445 4225
150 418 421 415 2370 4249
160 424 427 421 2286 4272
170 431 434 428 2194 4295
180 437 441 434 2101 4318
190 444 447 441 2007 4340
200 451 454 448 1907 4361
210 458 461 454 1801 4380
220 465 468 461 1690 4399
230 472 475 468 1569 4496
240 480 481 476 1737 5541
250 482 480 482 2055 6283
260 480 478 480 2012 6010
270 478 476 478 1954 5710
280 476 474 476 1882 5483
290 474 472 474 1800 5273
300 472 470 472 1707 5042
310 470 467 470 1596 4830
320 468 465 468 1475 4637
330 465 463 465 1347 4431
340 463 461 463 1211 4244
350 461 459 461 1058 4073
360 459 458 459 820 3825
370 459 459 459 667 3439
380 459 459 459 595 3330

&type18=B738&inclinaisonSdt18=22&inclinaisonMax18=23&cassure18=310&perfos18=
0 250 181 249 1801 413
10 253 184 250 2979 1286
20 256 186 254 2404 1588
30 259 225 257 1243 1600
40 263 264 261 2705 1614
50 266 268 264 3170 1627
60 270 272 268 3083 1640
70 274 275 271 2989 1655
80 278 279 275 2897 1670
90 282 283 279 2897 1686
100 377 308 297 1708 1125
110 383 327 322 2680 2166
120 388 332 327 2731 2185
130 394 337 332 2628 2204
140 400 342 337 2520 2223
150 406 348 342 2417 2241
160 412 353 348 2313 2261
170 418 358 353 2211 2280
180 425 364 358 2108 2300
190 431 370 364 2004 2320
200 438 376 370 1905 2339
210 445 382 376 1806 2360
220 452 388 382 1708 2379
230 459 394 388 1609 2398
240 466 400 394 1512 2420
250 473 407 401 1413 2440
260 474 414 407 1312 2460
270 472 421 414 1215 2481
280 470 427 420 1121 2503
290 468 434 427 1023 2528
300 466 441 434 924 2555
310 464 448 442 820 2588
320 462 453 449 918 2802
330 460 452 454 942 3684
340 458 450 452 863 3550
350 456 448 450 783 3430
360 454 447 448 648 3322
370 453 447 447 573 2985
380 453 447 447 539 2914
390 453 447 447 539 2914

&type19=B752&inclinaisonSdt19=22&inclinaisonMax19=23&cassure19=310&perfos19=
0 250 158 249 1431 434
10 253 160 250 1400 1145
20 256 162 254 1111 1403
30 259 211 257 600 1416
40 263 264 261 2235 1429
50 266 268 264 2375 1442
60 270 272 268 2315 1456
70 274 276 272 2256 1471
80 278 280 276 2199 1485
90 282 284 280 2216 1500
100 366 319 298 985 950
110 371 382 322 910 1803
120 377 408 327 2207 1819
130 382 414 332 2146 1835
140 388 420 337 2062 1852
150 394 427 342 1977 1869
160 400 433 347 1890 1886
170 406 440 353 1807 1903
180 412 447 358 1723 1921
190 418 453 364 1639 1939
200 425 460 370 1555 1956
210 432 468 376 1471 1973
220 438 475 382 1389 1991
230 445 482 388 1309 2008
240 452 487 394 1517 2025
250 459 486 400 1725 2041
260 467 483 407 1653 2059
270 474 482 414 1580 2075
280 482 479 420 1505 2092
290 480 477 428 1423 2109
300 477 475 435 1339 2125
310 475 473 442 1254 2140
320 473 471 449 1165 2155
330 471 469 456 1073 2160
340 469 467 462 980 2861
350 467 465 461 884 3046
360 465 464 459 718 2966
370 464 464 459 625 2698
380 464 464 459 529 2673
390 464 464 459 432 2654
400 464 464 459 387 2640

&type20=B734&inclinaisonSdt20=22&inclinaisonMax20=23&cassure20=310&perfos20=
0 172 163 166 3567 547
10 219 195 211 3567 824
20 266 227 256 3567 1101
30 269 254 269 3567 1381
40 272 269 272 3567 1667
50 276 276 276 3567 1953
60 279 279 279 3567 2048
70 283 283 283 3567 2048
80 286 286 286 3567 2048
90 290 290 290 3567 2048
100 294 294 294 3567 2048
110 298 298 298 3567 2066
120 301 301 301 3567 2121
130 415 345 400 3567 2176
140 422 351 406 3567 2243
150 429 357 413 3567 2315
160 436 362 420 3567 2387
170 442 370 425 3434 2410
180 447 377 430 3301 2433
190 452 385 435 3167 2444
200 458 393 440 3034 2429
210 463 400 446 2901 2415
220 467 405 449 2769 2375
230 469 408 451 2638 2323
240 472 412 454 2507 2272
250 473 414 455 2374 2237
260 474 417 457 2241 2202
270 476 420 458 2108 2169
280 477 421 459 1977 2141
290 478 423 460 1846 2112
300 479 425 461 1713 2083
310 480 426 462 1580 2054
320 481 428 463 1447 2025
330 482 429 463 1314 1996
340 482 429 464 1181 1967
350 483 429 465 1051 1940
360 483 429 465 930 1917
370 483 429 465 809 1894

&type21=A342&inclinaisonSdt21=22&inclinaisonMax21=23&cassure21=310&perfos21=
0 171 159 168 2423 1025
10 214 199 210 2423 1025
20 258 239 253 2423 1025
30 269 269 269 2423 1125
40 272 272 272 2423 1500
50 276 276 276 2423 1875
60 279 279 279 2423 2050
70 283 283 283 2423 2050
80 286 286 286 2423 2050
90 290 290 290 2423 2050
100 294 294 294 2423 2050
110 298 298 298 2423 2053
120 301 301 301 2423 2102
130 405 375 398 2423 2151
140 410 380 403 2423 2197
150 415 385 408 2423 2237
160 420 389 413 2423 2277
170 426 394 418 2370 2310
180 431 399 423 2282 2337
190 437 404 429 2193 2365
200 440 408 432 2105 2395
210 444 411 436 2017 2426
220 448 414 439 1929 2459
230 451 418 443 1842 2505
240 454 421 446 1755 2551
250 458 424 449 1668 2522
260 462 428 453 1579 2381
270 466 431 457 1491 2240
280 468 434 460 1404 2096
290 470 436 462 1317 1952
300 472 437 464 1230 1807
310 474 439 466 1142 1669
320 476 441 467 1053 1530
330 478 443 469 965 1390
340 479 443 470 877 1243
350 480 444 471 789 1095

&type22=E135&inclinaisonSdt22=22&inclinaisonMax22=23&cassure22=310&perfos22=
0 250 137 239 1674 1535
10 253 139 240 2213 1535
20 256 141 244 1770 2205
30 259 194 247 896 2221
40 263 253 250 2239 2239
50 266 257 254 2784 2259
60 270 261 257 2691 2278
70 274 265 261 2603 2299
80 278 268 264 2511 2320
90 282 272 268 2528 2344
100 286 298 276 1423 2164
110 371 316 288 2286 2601
120 377 320 292 2184 2625
130 382 325 297 2091 2650
140 388 330 302 1997 2678
150 394 335 306 1904 2704
160 400 341 311 1818 2731
170 406 345 316 1837 2759
180 412 345 321 2061 2784
190 418 344 326 2016 2813
200 425 342 332 1970 2842
210 432 341 337 1929 2868
220 430 340 342 1890 2895
230 429 338 348 1850 2924
240 430 337 354 1809 2954
250 430 335 360 1770 2981
260 430 334 366 1732 3007
270 430 333 372 1694 3033
280 430 331 378 1658 3060
290 432 330 384 1623 3084
300 433 328 390 1590 3106
310 435 327 397 1555 3132
320 437 325 404 1521 3157
330 439 324 411 1487 3180
340 444 323 417 1454 3201
350 450 321 424 1421 3221
360 449 321 431 1405 3244

&type23=E145&inclinaisonSdt23=22&inclinaisonMax23=23&cassure23=310&perfos23=
0 250 143 239 1418 504
10 253 145 240 1405 1511
20 256 147 244 1040 2097
30 259 201 247 635 2115
40 263 254 250 2179 2133
50 266 257 253 2152 2153
60 270 261 257 2085 2174
70 274 265 261 2021 2196
80 278 269 265 1957 2218
90 282 273 269 1992 2242
100 286 297 276 1057 1984
110 371 315 288 1899 2438
120 377 320 292 1828 2463
130 382 325 297 1765 2488
140 388 330 301 1706 2513
150 394 335 306 1649 2540
160 400 340 311 1596 2567
170 406 345 316 1629 2594
180 412 345 321 1840 2623
190 418 344 326 1801 2649
200 425 342 331 1767 2675
210 432 341 337 1730 2702
220 438 340 342 1693 2730
230 439 338 348 1656 2757
240 439 337 353 1620 2785
250 439 335 360 1583 2813
260 439 334 365 1547 2839
270 439 333 371 1511 2868
280 440 331 378 1472 2896
290 443 330 384 1434 2922
300 446 328 390 1395 2946
310 449 327 397 1356 2972
320 453 325 403 1316 2997
330 452 324 410 1275 3023
340 451 323 417 1232 3048
350 450 321 424 1188 3072
360 448 321 431 977 3096
370 447 321 438 0 3115

&type24=MD82&inclinaisonSdt24=22&inclinaisonMax24=23&cassure24=310&perfos24=
0 169 163 166 3230 547
10 215 195 211 3230 824
20 261 227 256 3230 1101
30 269 254 269 3230 1381
40 272 269 272 3230 1667
50 276 276 276 3230 1953
60 279 279 279 3230 2048
70 283 283 283 3230 2048
80 286 286 286 3230 2048
90 290 290 290 3230 2048
100 294 294 294 3230 2048
110 298 298 298 3230 2066
120 301 301 301 3230 2121
130 407 345 400 3230 2176
140 414 351 406 3230 2243
150 421 357 413 3230 2315
160 428 362 420 3230 2387
170 433 370 425 3110 2410
180 438 377 430 2989 2433
190 444 385 435 2869 2444
200 449 393 440 2748 2429
210 454 400 446 2627 2415
220 458 405 449 2508 2375
230 460 408 451 2389 2323
240 463 412 454 2270 2272
250 464 414 455 2150 2237
260 466 417 457 2029 2202
270 467 420 458 1909 2169
280 468 421 459 1790 2141
290 469 423 460 1672 2112
300 470 425 461 1552 2083
310 471 426 462 1431 2054
320 472 428 463 1310 2025
330 472 429 463 1190 1996
340 473 429 464 1069 1967
350 474 429 465 952 1940
360 474 429 465 842 1917
370 474 429 465 733 1894

&type25=T154&inclinaisonSdt25=22&inclinaisonMax25=23&cassure25=310&perfos25=
0 168 162 165 1458 562
10 203 195 199 1533 667
20 238 229 233 1608 772
30 269 262 267 1683 878
40 272 272 272 1737 1295
50 276 276 276 1781 1868
60 279 279 279 1825 2441
70 283 283 283 1870 2843
80 286 286 286 1918 2902
90 290 290 290 1965 2960
100 294 294 294 2013 3019
110 298 298 298 2031 3019
120 301 301 301 2050 3019
130 385 371 378 2068 3019
140 390 375 382 2065 3019
150 394 379 387 2053 3019
160 398 383 391 2040 3019
170 403 387 395 2022 3019
180 407 391 399 1995 3019
190 410 395 403 1967 3019
200 414 399 407 1940 3019
210 419 403 411 1889 3019
220 423 407 415 1837 3019
230 428 412 420 1786 3019
240 431 415 423 1730 3019
250 434 418 426 1671 3019
260 437 420 429 1613 3019
270 440 423 431 1557 3019
280 442 426 434 1505 3019
290 445 428 437 1454 3019
300 448 431 439 1403 3019
310 451 434 443 1286 3019
320 454 437 446 1169 3019
330 457 440 449 1052 3019
340 460 442 451 937 2814
350 461 444 452 824 2508
360 463 445 454 710 2201
370 464 447 456 630 1959
380 464 447 456 630 1959
390 464 447 456 630 1959

&type26=TBM7&inclinaisonSdt26=22&inclinaisonMax26=23&cassure26=310&perfos26=
0 227 89 230 1669 731
10 229 90 230 2450 1768
20 232 91 234 2411 2500
30 234 122 237 1845 2500
40 237 137 240 2403 2500
50 239 139 243 2366 2500
60 241 141 247 2333 2500
70 243 144 250 2297 2500
80 245 146 254 2260 2500
90 248 148 258 2316 2500
100 250 151 261 2279 2500
110 252 153 265 2243 2500
120 255 156 269 2206 2500
130 257 159 274 2168 2500
140 260 162 278 2132 2500
150 263 165 282 2096 2500
160 266 167 287 2061 2500
170 269 171 291 2023 2500
180 272 174 296 1987 2500
190 275 177 301 1951 2500
200 278 180 306 1913 2500
210 281 184 311 1877 2500
220 284 187 316 1841 2500
230 288 191 321 1806 2500
240 291 195 327 1770 2500
250 291 198 332 1734 2500
260 290 202 338 1700 2500
270 289 206 344 1665 2500
280 288 210 349 1631 2500
290 286 215 355 1281 2500
300 285 217 361 0 2500